// Generated with https://github.com/petebachant/NACAFoil-OpenFOAM
// Commit 59f83f80d5fc3f22da81e9718834626fa3d18210
// Re = 2e5
// Reformatted with foamPy
// alpha_deg cl cd cm
(-25.0 -0.49049716932677756 0.32690913207261724 0.03710338660741301)
(-24.0 -0.4902193431801054 0.3151689494348154 0.0353665430293896)
(-23.0 -0.4806678998489427 0.2988507807779456 0.03177283248111783)
(-22.0 -0.5245033880774033 0.30301399740948814 0.04021044428838952)
(-21.0 -0.5546357367768595 0.2964591992011019 0.044269927917355366)
(-20.0 -0.5627395514008322 0.277264546407767 0.042316391958391125)
(-19.0 -0.5503592087576374 0.2434936182426535 0.03144172161478034)
(-18.0 -0.5321408892103205 0.1881548187646599 0.007455439704706803)
(-17.0 -0.5492845002284147 0.15402097263590678 -0.006919916926943809)
(-16.0 -0.5798251252736792 0.12573031899095669 -0.01867186890052356)
(-15.0 -0.613039415881244 0.10192800094250708 -0.02858081698868992)
(-14.0 -0.6599740376750699 0.08227369904761904 -0.03584455831932773)
(-13.0 -0.696521359141791 0.06624207490671642 -0.040968404277052235)
(-12.0 -0.7098441805752004 0.054061025822725116 -0.04382098321074965)
(-11.0 -0.6984154099133782 0.045206907728585176 -0.044727995856592866)
(-10.0 -0.6663870267459139 0.038851137384843984 -0.044134778137691934)
(-9.0 -0.6192076592421916 0.03424033092677932 -0.04244468188940092)
(-8.0 -0.5616049009549072 0.030812690763925732 -0.039957224)
(-7.0 -0.4969566649200221 0.028234116756756755 -0.03684837934914507)
(-6.0 -0.4277536936435868 0.026287677667423383 -0.033205213234960285)
(-5.0 -0.35598446244239634 0.02479944069124424 -0.029029183145161286)
(-4.0 -0.2831644465184318 0.02369137468110006 -0.02430597149795202)
(-3.0 -0.21069198947055326 0.02288096911957168 -0.01898978928613921)
(-2.0 -0.13952048101571946 0.022338503597339784 -0.013058819673518744)
(-1.0 -0.06995491392132759 0.02203247048555624 -0.006568011593730792)
(0.0 -2.711831634543179e-06 0.021943781063829784 5.867625442428035e-07)
(1.0 0.06995491392132759 0.02203247048555624 0.006568011593730792)
(2.0 0.13952048101571946 0.022338503597339784 0.013058819673518744)
(3.0 0.21069198947055326 0.02288096911957168 0.01898978928613921)
(4.0 0.2831644465184318 0.02369137468110006 0.02430597149795202)
(5.0 0.35598446244239634 0.02479944069124424 0.029029183145161286)
(6.0 0.4277536936435868 0.026287677667423383 0.033205213234960285)
(7.0 0.4969566649200221 0.028234116756756755 0.03684837934914507)
(8.0 0.5616049009549072 0.030812690763925732 0.039957224)
(9.0 0.6192076592421916 0.03424033092677932 0.04244468188940092)
(10.0 0.6663870267459139 0.038851137384843984 0.044134778137691934)
(11.0 0.6984154099133782 0.045206907728585176 0.044727995856592866)
(12.0 0.7098441805752004 0.054061025822725116 0.04382098321074965)
(13.0 0.696521359141791 0.06624207490671642 0.040968404277052235)
(14.0 0.6599740376750699 0.08227369904761904 0.03584455831932773)
(15.0 0.613039415881244 0.10192800094250708 0.02858081698868992)
(16.0 0.5798251252736792 0.12573031899095669 0.01867186890052356)
(17.0 0.5492845002284147 0.15402097263590678 0.006919916926943809)
(18.0 0.5321408892103205 0.1881548187646599 -0.007455439704706803)
(19.0 0.5503592087576374 0.2434936182426535 -0.03144172161478034)
(20.0 0.5627395514008322 0.277264546407767 -0.042316391958391125)
(21.0 0.5546357367768595 0.2964591992011019 -0.044269927917355366)
(22.0 0.5245033880774033 0.30301399740948814 -0.04021044428838952)
(23.0 0.4806678998489427 0.2988507807779456 -0.03177283248111783)
(24.0 0.4902193431801054 0.3151689494348154 -0.0353665430293896)
(25.0 0.49049716932677756 0.32690913207261724 -0.03710338660741301)
